
############################################
############ Stat SA data on electricity ; share of Eskom
############################################

months <- c(01,02,03,04,05,06,07,08,09,10,11,12)

2018 <- c(01,02,03,04,05,06,07,08,09,10,11,12)

2017 <- c(01,02,03,04,05,06,07,08,09,10,11,12)

2016 <- c(01,02,03,04,05,06,07,08,09,10,11,12)

2015 <- c(01,02,03,04,05,06,07,08,09,10,11,12)

2014 <- c(01,02,03,04,05,06,07,08,09,10,11,12)

2013 <- c(01,02,03,04,05,06,07,08,09,10,11,12)